**** Calibrating ****
mono pinhole calibration...
mono pinhole calibration...
stereo pinhole calibration...

Left:
D = [-0.0943989537365166, -0.011657646330045592, 0.0007537949789662642, -3.381083864149777e-05, 0.0]
K = [732.5944271099735, 0.0, 466.6117039176741, 0.0, 731.7684989792251, 288.66887659743736, 0.0, 0.0, 1.0]
R = [0.9999940295027953, 0.0032983672340379704, 0.0010304039751192543, -0.0033174792411222245, 0.9998114552313379, 0.01913238928307471, -0.0009671040519199643, -0.01913569339699541, 0.9998164281246676]
P = [726.4649386457244, 0.0, 474.3408317565918, 0.0, 0.0, 726.4649386457244, 270.43320083618164, 0.0, 0.0, 0.0, 1.0, 0.0]

Right:
D = [-0.08895362698135062, -0.02408271408395745, 0.0006418361397128881, -0.00016939090601258993, 0.0]
K = [732.5042068052586, 0.0, 486.0452970246958, 0.0, 731.438682640599, 255.8538995984354, 0.0, 0.0, 1.0]
R = [0.9997308173146768, -0.018050348825379176, -0.014576618901874302, 0.01776811503309475, 0.9996565203600608, -0.01926487450740238, 0.014919349834998142, 0.019000689695307965, 0.9997081508078262]
P = [726.4649386457244, 0.0, 474.3408317565918, -57.16644225957039, 0.0, 726.4649386457244, 270.43320083618164, 0.0, 0.0, 0.0, 1.0, 0.0]
self.T = [-0.07867007890246372, 0.0014204047146642992, 0.0011470525258201493]
self.R = [0.9996514745081729, 0.020776752214522076, 0.01628668416382177, -0.021384956454364765, 0.9990449123012184, 0.03810442024878251, -0.015479442854335992, -0.03843942991860384, 0.9991410296231719]
None
# oST version 5.0 parameters


[image]

width
1024

height
576

[narrow_stereo/left]

camera matrix
732.594427 0.000000 466.611704
0.000000 731.768499 288.668877
0.000000 0.000000 1.000000

distortion
-0.094399 -0.011658 0.000754 -0.000034 0.000000

rectification
0.999994 0.003298 0.001030
-0.003317 0.999811 0.019132
-0.000967 -0.019136 0.999816

projection
726.464939 0.000000 474.340832 0.000000
0.000000 726.464939 270.433201 0.000000
0.000000 0.000000 1.000000 0.000000
# oST version 5.0 parameters


[image]

width
1024

height
576

[narrow_stereo/right]

camera matrix
732.504207 0.000000 486.045297
0.000000 731.438683 255.853900
0.000000 0.000000 1.000000

distortion
-0.088954 -0.024083 0.000642 -0.000169 0.000000

rectification
0.999731 -0.018050 -0.014577
0.017768 0.999657 -0.019265
0.014919 0.019001 0.999708

projection
726.464939 0.000000 474.340832 -57.166442
0.000000 726.464939 270.433201 0.000000
0.000000 0.000000 1.000000 0.000000

