**** Calibrating ****
mono pinhole calibration...
mono pinhole calibration...
stereo pinhole calibration...

Left:
D = [0.019029126863692975, -0.03044069249973056, -0.00016672306585737223, -0.00018221104688498837, 0.0]
K = [590.5205475757426, 0.0, 677.8484162195508, 0.0, 590.0256028987344, 378.31075838409953, 0.0, 0.0, 1.0]
R = [0.999278722826639, -0.008263451463361386, -0.03706412653595974, 0.00825482245896352, 0.9999658539335179, -0.0003858408758329733, 0.03706604931918097, 7.960479346573076e-05, 0.9993128147136635]
P = [611.6147526716796, 0.0, 739.9170608520508, 0.0, 0.0, 611.6147526716796, 382.4886283874512, 0.0, 0.0, 0.0, 1.0, 0.0]

Right:
D = [0.012699648552382672, -0.025609180912655863, 0.0005007448266852923, 0.0013490057301955487, 0.0]
K = [593.9835450976278, 0.0, 688.9103348148299, 0.0, 593.3768336900665, 386.60783656084993, 0.0, 0.0, 1.0]
R = [0.9994747553688222, -0.004105039842586867, -0.03214594886332627, 0.004112523159768368, 0.9999915296500561, 0.00016667753744098262, 0.03214499235795806, -0.00029879095015251114, 0.9994831715393085]
P = [611.6147526716796, 0.0, 739.9170608520508, -34.986952031686805, 0.0, 611.6147526716796, 382.4886283874512, 0.0, 0.0, 0.0, 1.0, 0.0]
self.T = [-0.05717418549866526, 0.00023482565035157427, 0.0018388843074522226]
self.R = [0.9999792930630713, -0.004144169501087637, -0.004923342789843992, 0.004141598566580566, 0.9999912818851056, -0.0005322735168726561, 0.004925505699250747, 0.0005118719856773024, 0.9999877386151677]
None
# oST version 5.0 parameters


[image]

width
1366

height
768

[narrow_stereo/left]

camera matrix
590.520548 0.000000 677.848416
0.000000 590.025603 378.310758
0.000000 0.000000 1.000000

distortion
0.019029 -0.030441 -0.000167 -0.000182 0.000000

rectification
0.999279 -0.008263 -0.037064
0.008255 0.999966 -0.000386
0.037066 0.000080 0.999313

projection
611.614753 0.000000 739.917061 0.000000
0.000000 611.614753 382.488628 0.000000
0.000000 0.000000 1.000000 0.000000
# oST version 5.0 parameters


[image]

width
1366

height
768

[narrow_stereo/right]

camera matrix
593.983545 0.000000 688.910335
0.000000 593.376834 386.607837
0.000000 0.000000 1.000000

distortion
0.012700 -0.025609 0.000501 0.001349 0.000000

rectification
0.999475 -0.004105 -0.032146
0.004113 0.999992 0.000167
0.032145 -0.000299 0.999483

projection
611.614753 0.000000 739.917061 -34.986952
0.000000 611.614753 382.488628 0.000000
0.000000 0.000000 1.000000 0.000000