Left:
D = [0.02847947342220205, -0.03948256017769147, 0.000989531268878048, 0.0007766107424739593, 0.0]
K = [439.72709006793707, 0.0, 509.62500441034655, 0.0, 440.0242547323796, 285.1366631536727, 0.0, 0.0, 1.0]
R = [0.9993482821882558, 0.025061406457328708, -0.02597954568044708, -0.025085980620134743, 0.9996851047799409, -0.0006203687974546291, 0.025955817531106557, 0.0012716868715190307, 0.9996622821477225]
P = [457.60815297377513, 0.0, 559.9006042480469, 0.0, 0.0, 457.60815297377513, 288.9419288635254, 0.0, 0.0, 0.0, 1.0, 0.0]

Right:
D = [0.021787720051601275, -0.03574447039731438, 0.0006185544082529728, 0.0015381064017872417, 0.0]
K = [438.6049475600745, 0.0, 516.8138233295398, 0.0, 438.77075258410014, 289.0104050680755, 0.0, 0.0, 1.0]
R = [0.9991540241689288, 0.036907499109815015, -0.018140355467693825, -0.03689031487269692, 0.9993184994715534, 0.0012811254881635642, 0.01817527594367035, -0.0006108382618581822, 0.9998346294367831]
P = [457.60815297377513, 0.0, 559.9006042480469, -41.95456551447458, 0.0, 457.60815297377513, 288.9419288635254, 0.0, 0.0, 0.0, 1.0, 0.0]
self.T = [-0.09160473364304016, -0.0033837642081235558, 0.0016631494150167923]
self.R = [0.9999000415646409, -0.011815379915906594, -0.007765544183914108, 0.011798706517713406, 0.9999279958942693, -0.002189418045739315, 0.007790853838854784, 0.002097575818160779, 0.999967450856351]
None
# oST version 5.0 parameters


[image]

width
1024

height
576

[narrow_stereo/left]

camera matrix
439.727090 0.000000 509.625004
0.000000 440.024255 285.136663
0.000000 0.000000 1.000000

distortion
0.028479 -0.039483 0.000990 0.000777 0.000000

rectification
0.999348 0.025061 -0.025980
-0.025086 0.999685 -0.000620
0.025956 0.001272 0.999662

projection
457.608153 0.000000 559.900604 0.000000
0.000000 457.608153 288.941929 0.000000
0.000000 0.000000 1.000000 0.000000
# oST version 5.0 parameters


[image]

width
1024

height
576

[narrow_stereo/right]

camera matrix
438.604948 0.000000 516.813823
0.000000 438.770753 289.010405
0.000000 0.000000 1.000000

distortion
0.021788 -0.035744 0.000619 0.001538 0.000000

rectification
0.999154 0.036907 -0.018140
-0.036890 0.999318 0.001281
0.018175 -0.000611 0.999835

projection
457.608153 0.000000 559.900604 -41.954566
0.000000 457.608153 288.941929 0.000000
0.000000 0.000000 1.000000 0.000000

